691 983 437
396 945
591 948
223 207
633 896
643 828
654 926
170 884
37 924
605 938
595 173
603 923
603 714
535 949
658 715
626 842
93 805
668 83
575 978
619 977
405 924
559 888
593 971
659 83
663 530
249 260
392 969
632 908
614 673
653 951
636 629
659 207
496 959
635 279
83 83
605 973
429 840
687 916
594 763
421 17
247 896
593 955
673 27
598 960
208 725
483 209
57 466
230 887
689 921
634 901
231 831
641 903
326 298
375 396
592 633
620 897
614 936
77 438
684 885
594 927
398 895
566 957
593 919
544 225
644 771
671 942
266 929
120 335
259 961
91 739
647 899
366 358
23 911
601 315
689 245
225 958
326 211
654 121
656 110
604 983
546 767
666 336
624 914
229 934
602 944
205 683
73 509
618 972
619 911
602 929
674 475
502 964
329 978
594 957
437 965
631 979
181 908
660 466
667 166
279 891
660 101
144 528
689 930
620 942
391 313
691 349
605 117
493 963
687 532
691 672
597 919
677 974
609 943
629 32
58 569
617 569
597 400
617 883
30 896
626 549
635 254
613 884
637 344
90 920
660 962
662 459
681 956
172 890
676 933
631 745
342 926
631 85
597 907
300 963
662 801
661 545
439 915
645 675
347 936
638 915
613 657
294 825
644 932
622 202
245 904
477 930
663 956
1 926
598 971
691 516
77 717
678 685
679 726
606 891
591 8
468 912
592 927
522 419
487 390
619 240
628 401
156 973
436 899
687 977
608 591
680 259
200 922
685 719
297 944
599 971
547 931
651 978
405 531
605 935
663 981
386 587
597 905
625 586
664 915
501 842
236 87
629 895
142 287
629 946
684 624
599 978
341 826
678 929
74 942
642 117
638 952
468 341
626 411
670 306
624 344
492 440
3 884
670 949
113 890
669 921
680 959
296 963
192 891
654 949
664 314
688 889
400 571
671 927
485 298
543 942
390 790
655 910
683 762
460 9
655 945
637 926
664 957
620 44
240 455
637 956
188 954
661 810
645 179
641 925
144 884
397 25
266 920
664 886
557 965
658 93
294 663
683 885
384 752
79 982
689 885
578 901
682 387
687 935
224 503
630 914
675 968
634 952
646 944
604 955
688 944
469 313
665 923
21 485
607 887
626 224
119 951
591 955
669 948
98 948
66 927
248 896
677 898
681 933
643 770
670 529
602 867
682 744
251 908
603 31
56 257
236 852
658 918
230 971
222 941
601 900
629 436
646 236
349 891
610 659
674 161
504 957
565 217
690 958
630 569
574 214
686 150
612 775
606 888
508 311
609 926
602 897
623 907
642 957
21 856
616 160
676 919
233 905
593 969
639 980
631 948
631 238
253 419
370 504
596 975
667 884
420 974
618 931
528 970
611 381
662 780
413 928
523 941
608 37
340 903
639 885
594 937
106 898
601 922
12 911
657 953
205 933
279 894
614 884
32 961
677 587
618 921
140 359
195 635
601 786
233 543
639 72
672 508
635 973
641 905
278 450
676 47
650 972
615 963
611 693
594 891
383 893
62 258
676 900
628 936
609 883
637 133
651 932
136 213
380 192
645 79
413 973
646 916
629 162
555 935
678 909
604 9
566 554
348 963
630 913
687 778
596 390
78 921
649 965
602 965
609 960
305 906
114 954
285 982
635 934
613 954
660 24
671 959
603 946
651 968
68 171
11 128
548 888
653 947
372 248
392 646
125 875
626 902
387 936
649 923
673 459
671 923
533 935
660 479
683 979
12 653
663 850
42 902
37 895
642 29
593 940
608 932
14 82
651 249
551 913
133 532
21 975
673 953
687 51
115 203
57 946
619 914
602 887
591 903
652 340
617 841
338 78
446 966
476 899
653 888
628 967
292 976
635 128
647 891
684 74
285 269
221 962
661 429
598 924
569 127
551 26
681 938
156 196
606 721
486 320
517 846
598 897
6 286
530 982
585 932
1 605
647 536
664 193
376 134
604 936
617 225
624 951
217 899
163 901
