977 659 411
937 639
591 590
298 179
582 604
895 622
547 589
60 598
297 652
163 414
930 652
220 472
960 594
413 334
440 594
464 187
896 651
969 544
217 585
971 612
917 201
697 287
504 593
80 581
177 576
963 591
938 581
153 585
922 156
898 560
906 584
742 616
883 18
929 636
964 563
756 643
923 566
533 606
424 635
21 610
401 316
965 601
907 654
66 131
776 564
532 600
915 633
956 97
462 658
928 603
932 278
893 645
185 565
493 636
963 251
973 398
7 136
265 652
689 383
294 647
906 627
942 649
408 620
701 61
890 538
708 565
430 589
934 563
882 165
652 275
898 37
919 582
441 588
579 552
912 600
961 591
226 420
922 629
958 401
894 599
906 571
975 51
517 402
845 464
516 587
963 643
659 631
918 411
909 568
882 611
171 592
920 470
154 597
959 258
45 465
952 560
231 607
37 605
961 646
484 115
665 216
976 382
969 588
968 521
704 505
921 650
975 649
97 33
817 44
926 279
648 163
952 505
918 613
961 638
974 539
637 647
916 587
921 369
912 572
194 537
976 442
641 647
360 581
475 295
127 425
268 576
977 655
886 582
907 601
326 411
912 602
963 595
893 121
882 199
945 643
890 145
390 600
412 336
881 599
968 610
957 610
734 581
906 43
568 605
750 627
880 317
940 138
941 142
113 500
73 357
902 382
968 373
907 635
891 614
559 584
976 11
56 570
373 576
877 630
977 620
101 602
624 569
781 330
915 580
934 595
370 562
268 193
973 380
234 404
923 531
953 613
962 565
953 595
239 599
929 652
217 482
888 584
974 584
212 233
953 197
813 624
252 568
904 594
883 615
881 94
574 574
685 652
953 586
892 625
929 304
864 610
968 563
902 641
765 351
901 214
970 574
527 593
617 627
277 570
374 581
925 600
454 130
21 589
259 588
906 173
877 570
860 646
500 464
773 643
903 609
975 447
899 564
925 628
953 586
650 592
244 650
971 595
931 626
573 472
189 591
947 340
883 445
900 375
844 286
599 605
400 396
420 442
886 574
930 532
927 461
943 634
952 361
925 431
906 418
64 474
958 269
45 596
936 117
878 568
167 589
955 593
896 398
203 601
911 460
898 590
977 325
260 454
944 640
916 61
521 644
53 562
961 618
923 458
798 659
956 635
47 606
897 596
75 581
976 378
966 284
952 525
951 419
913 391
876 625
934 560
441 289
560 636
468 224
276 629
55 657
882 306
939 146
777 594
925 656
930 659
962 14
649 416
6 270
904 619
976 637
964 621
904 586
208 356
593 651
903 566
918 440
21 221
41 167
750 615
418 118
492 657
489 134
468 618
935 594
901 643
453 592
912 298
953 608
705 649
923 421
916 175
108 633
394 79
907 603
973 559
938 460
379 647
975 572
974 226
832 246
914 561
530 624
585 516
476 602
891 583
500 357
256 638
890 648
967 618
205 583
934 653
21 611
951 656
713 604
926 635
167 651
962 588
926 598
946 640
372 645
789 57
953 651
976 93
934 203
140 275
976 347
963 576
921 621
906 614
376 26
921 646
918 576
895 606
893 650
69 621
951 629
882 595
934 431
949 116
694 635
912 657
918 96
877 634
412 605
25 584
753 340
943 610
92 89
151 181
179 625
938 657
963 618
642 601
464 652
900 621
918 644
914 577
950 491
976 47
961 610
924 575
792 480
766 640
960 602
630 562
935 85
182 642
894 646
955 175
108 314
897 600
590 640
134 628
889 220
739 623
526 559
974 572
638 392
780 69
912 491
320 635
968 625
916 349
513 646
442 193
960 607
593 605
332 583
451 609
470 577
958 21
934 652
947 590
28 560
959 140
310 36
779 15
633 373
574 296
914 580
938 568
933 602
