1289584715
1510524172
1510659459
1511039816
1511714167
986402075
1510015448
1511090065
1510261510
654430068
1512876527
1270430823
1510651269
399073892
1511251741
1163472217
1160928126
1511858126
634435423
131185865
1512805911
1338809713
153226748
257667548
710007492
649211097
1511286719
772668659
179092231
1512499887
1511286256
1512205402
1512311369
786760656
1509874158
1059165480
1511604962
1510777552
1511800935
1511149028
1511110426
1512911846
1512205414
1029565637
591643420
1182015320
1513229715
911554774
1214413202
1511001511
542333970
1510863155
965032362
1513194397
1510474682
594645776
1372860098
1340363877
1511917270
893954656
1512431336
1511805074
1513117754
1247749626
1509950921
688982780
1510335500
1509980150
1510192107
1202343105
1512613014
938258232
427502114
1509754080
1002191034
519755014
1512452656
768253474
978348700
1509732843
1513053144
765745596
1474653640
1192117447
276004090
1510240490
1510458698
1511393019
1511417019
1510636791
617416468
172406596
1437464047
1510368661
1372047740
602344935
1509745473
1513189304
1511181047
1277243492
1512725786
783191132
852637753
1502032683
1510192052
1513106610
1510333312
1364594757
1306560710
1512970481
1512366887
1509930357
1510227398
1511993526
1453712197
1513017791
986437410
518061373
1510314596
1512994059
1511841278
1511013241
1513123828
724334105
1509768207
1512655693
1512240785
1510990169
260499667
636028099
896400143
1509768167
1511640252
1510368635
791424714
1511743300
1510083527
1512346679
1307549761
885485171
878528768
1513088494
1512735247
1136857295
276661601
877186514
1402100320
1301827571
636075527
1512072441
666843951
1239625499
67262079
1509732902
1438629693
636537683
1512240726
1510776448
1512170069
1513265057
332103849
1512028760
159302217
747201546
1509977833
575254064
1178532540
1510858362
914143294
692020522
1513088513
1453888789
1512727403
1510297991
887041305
1220923267
1479779787
109392223
855392813
1511247622
18685318
1231430870
1319657346
901700006
1511922795
1512865133
1510933794
411320958
190244196
1295469585
713162715
915051658
1510870215
1511781545
1480427009
1512276088
684010490
1512982504
1510193191
1388154549
1357215681
832892711
452898611
699944032
1153893938
1509729318
1512161965
1509768233
96852856
1512558663
1282725625
104462240
858446642
1510933794
580754581
1510536515
1510615934
846562328
947088783
906857019
1511887565
97607972
842452057
46777235
1512382064
1276713603
567271271
270637157
602720705
1511106094
1511357678
1429834540
1511887529
1487736588
1510792544
840840191
1511463383
1443398182
1510304993
1510192083
1511042173
1016116664
1510192058
1510073927
476872799
1512770522
1510156709
1512842825
94168367
796885485
1511604970
1213007305
718590676
1164990177
1511958198
1512742181
1511264878
1511604905
147036814
1511428303
1141704629
1297887393
1510325135
1512341757
186217515
743321592
1511357653
1476460819
1145050517
430115965
448632557
1031103635
1509803565
1510495976
1510894577
982377211
688072554
907388470
1512770575
1189715536
234359901
1035248153
1512276051
829077946
1509989547
1362440124
797641355
1512011739
1501755786
1513229758
621384600
203348660
132598777
1512965886
787057324
1513159142
289322502
1510439327
1462012839
337854898
1509839481
388499523
1512699919
638832417
1511781583
1511895270
1512947217
1509927240
1510780118
1511989583
1511514807
1435132845
1510690624
805765425
550175416
2249080
148699365
1512015076
114925795
503267764
457561176
387624336
1335171159
1512876549
1359341330
170353061
433330250
1352761943
1510027461
1510894365
1509937228
698672584
140365290
1375191421
1512417337
1512629290
1099686747
4065324
1512594458
553293644
1509838802
1063276804
1236022714
1512266972
544867999
1511903902
1512452635
201688528
1509831309
1512947172
1512085128
1180461225
1513076212
1509950947
1513194418
189573096
1241144397
46236434
1512028818
1127367126
1512855347
1513265103
955784828
645792086
1511039769
1513105865
113536450
1510368699
943273957
1512139289
1510193191
1513039393
1510088891
856892462
1196285400
1509766635
371799337
1512240770
312599617
161347376
349667368
1510050797
1364050254
1510214427
1512020740
1368900072
1511181117
1511463619
179517024
1512558584
1512532038
1511538095
179636469
750231736
1512956051
782170354
911236878
1512846366
1344852640
1000564385
1511393037
1404791237
1510792488
330424579
1512099488
1511746233
1512436341
755254998
1510933785
1512179643
1511569631
994510686
1512889368
1511577978
371763973
1511504538
1511534297
341944120
1510538072
840204401
190156968
108756408
1510757917
1510439278
1512346722
9153384
1464143388
707896248
1137156460
1510686602
1510474601
333430111
1510165977
670694047
1511418294
1510196453
1510792515
683339354
1513079728
225036363
1168981584
1511522083
