235769
492539
114351
137389
396229
473283
143617
130730
327337
519525
532861
458393
132013
455549
498444
292919
412899
497535
535238
460315
456562
467779
267769
499330
269647
481505
541756
542989
522622
6460
321053
355221
478364
488152
507685
316669
152506
472381
511494
474240
145410
481953
541550
474481
534712
417791
529079
477998
499377
482644
505441
462157
79584
213866
532855
529499
305897
112472
467927
336473
478508
505845
103854
483567
453792
198014
507736
337511
461214
460284
518165
524079
513280
255744
531633
213043
287349
451155
465841
503034
524428
473294
534489
77092
441834
311814
477048
468667
470500
477588
463979
504989
458650
458482
500235
536570
509991
383140
484340
49242
201680
476797
503052
495673
33436
513541
113419
540304
530965
503064
96489
477064
32511
458310
460347
236325
13907
414769
512918
88605
530085
8368
36180
370975
484270
348676
386250
35240
510543
357074
455236
515053
429600
471463
65487
287569
398145
7365
494668
519794
309303
312419
465376
483593
265037
478398
200783
377690
154347
66560
501189
526352
348654
498432
473179
465126
82761
485431
232039
522637
40830
451949
541232
122340
452854
138719
381273
197143
519802
520728
510195
536942
470202
480766
503315
259371
511432
501391
163544
277042
402583
139442
44898
489871
243385
488926
505840
48736
465921
15557
460652
498436
368190
509028
514236
358944
173325
540746
447057
481307
504145
495268
520742
282892
145032
117157
330918
473366
461203
531998
509703
46438
155310
480803
202644
520709
526281
96630
524495
478870
361760
509013
448019
119946
511460
489895
331643
531009
491873
515182
509563
533738
283570
517979
502173
540034
479876
486793
477722
502122
451344
467783
435843
540157
321716
521309
340898
193312
506259
484779
470375
455688
542800
496733
267540
217528
523534
537879
519721
119560
519796
527132
474772
466478
269076
482571
128384
46444
218551
506602
456952
85521
265851
512372
83679
227766
305722
490104
465869
493821
278984
536749
277121
479285
386617
481561
469577
533759
302217
152499
510197
187589
538312
524485
483506
115230
479790
470287
491195
532825
487827
483399
397505
472413
271530
470532
329166
529149
151494
526143
513262
541135
528150
472355
477014
385786
477077
507715
342188
458444
398886
29686
327262
37143
508691
465841
250137
474776
221340
410130
243564
359391
158506
464889
464445
486335
453555
50279
479572
319722
321693
117214
499790
398886
537302
474759
470748
465857
531941
155236
53925
175754
230973
333850
429615
180406
502151
534439
44523
485443
317659
523599
5496
474968
131116
27509
536182
19505
522009
371510
466917
129855
56052
64091
456588
379826
191485
472351
39347
435224
207308
538399
540315
348702
514285
526319
179394
526765
463146
508696
266833
355194
512397
470042
519202
137579
543077
318962
133603
60372
520436
265470
504103
330122
542119
102638
70440
488189
490601
374765
465847
491412
510496
466798
411042
519823
484400
471859
522798
506713
491104
458443
491187
175736
472462
129219
121830
459395
368234
490946
536571
451933
250059
502193
535637
430582
513268
19471
276136
477664
517045
499134
529236
135741
493502
542429
461196
528211
451127
537291
525027
27892
411042
346819
490998
502401
78978
500008
486385
398330
453533
49247
540240
511400
475211
488204
537458
258739
459613
333779
541978
508628
367959
359905
471221
476139
474163
452607
517067
247336
358413
71518
458431
464933
517560
462111
541770
459332
210396
230573
412556
474017
48084
537478
424058
1835
514226
