26500 35426 407
26490 35372
3815 25451
26453 35384
26414 35377
5367 15981
23703 8452
26431 10592
22719 35350
25290 35379
3678 35342
26440 3239
20935 35365
26486 35401
24511 35422
7685 35418
26422 35411
879 35363
11815 27742
10911 35359
26492 35380
26459 35382
16962 34825
9261 35352
26457 19789
9581 5345
19642 35371
14336 35355
26423 20014
26404 35366
17618 26787
26156 990
26422 35407
7094 29509
26492 35338
18363 35405
1011 35367
26453 22988
26473 13922
16300 2051
14342 13736
5677 35343
4428 35357
26478 35355
26500 22417
26459 35389
21542 13373
26499 34657
26454 35362
26419 35337
26487 35402
26421 35378
20538 35404
6768 35401
26448 3521
15288 35375
26449 14971
26465 28786
7246 21784
20451 4159
26426 35397
26480 10766
26407 35405
26412 35341
26445 4963
26466 574
2469 35390
26417 14276
26452 29610
14627 33373
26410 34214
14556 30849
10545 21052
25343 24068
24337 29014
26408 35404
26432 9374
4140 24670
26425 35349
9656 13455
18908 25380
26438 27422
21072 35359
26211 35392
26487 35363
26412 35376
26437 4497
26448 35411
12832 3982
26489 33486
13738 35346
23514 16836
26430 35339
26430 35347
26469 23910
26449 35355
26461 35409
26452 35389
26409 10408
24343 24089
21745 31108
26425 33336
1011 33393
1156 35353
8233 19149
5674 22779
15271 10408
26476 34301
26466 35353
21099 35370
26491 6960
10465 35418
26430 35411
16493 35418
26453 35407
26479 23755
15616 23613
26433 35351
13383 14079
26445 35344
10070 35347
26431 35380
7233 35374
18140 35326
16602 34553
8562 1930
11402 35396
11721 20223
26474 25069
16274 35388
25986 25674
3643 4879
26440 22391
26479 4249
3584 45
26493 35419
26438 9415
17664 35351
24013 35349
26452 35393
26491 27536
3958 17164
19028 35357
26449 10544
26491 35415
26450 35414
7110 18174
26496 16312
26493 17295
25800 34975
12298 8593
19282 35363
11691 35407
26498 35403
17405 21650
22327 33622
25040 35387
18767 35335
6226 19250
21472 35332
7808 24017
26415 10776
26466 35355
26470 35343
26434 12825
18425 11138
26445 1855
26425 35329
26418 35356
26407 35366
26415 35409
26500 35339
26463 35383
26493 35405
15970 16952
26463 35385
9981 19572
26492 31855
26425 2356
17940 26635
26484 21999
26452 2366
26443 20028
20133 35389
26482 35358
26429 26343
1553 22429
26479 23150
22450 16857
920 8337
26486 35394
26472 24656
26463 35398
7833 35359
1135 35424
15894 35330
21801 35375
26463 27671
13182 17537
10741 35343
26470 35366
26480 35376
26457 13992
26403 30508
7623 35421
26456 33214
7636 35376
2593 28200
26485 35379
26440 15996
16659 35327
26454 35405
2694 16709
26484 29627
26428 34582
3747 6261
26448 4068
26458 19562
1024 35378
26484 35372
15984 27280
26483 35388
26429 7492
14735 35383
57 28620
26487 35366
26483 359
26485 35423
26445 35339
26400 9668
10299 523
20017 35409
14558 35358
26407 7967
26470 14231
26419 35400
15555 26593
26492 35420
26406 10582
462 35384
26492 15905
439 35386
26470 35419
4935 35358
26432 10519
6108 4384
6711 16050
26464 13664
26431 33362
12609 9400
17564 35351
26400 35343
26461 35380
26467 29985
26323 35397
23394 26422
11251 19425
21256 28781
26471 16451
306 19561
23891 35332
14719 24813
26402 30759
26443 35349
5677 35408
26462 32509
26446 35424
26470 35403
3706 35334
14638 19546
26498 35377
26500 33927
3642 5868
5403 14543
26435 9035
26444 35372
6096 35396
26445 1267
2858 8952
26473 19322
17185 22618
20661 35351
15307 14851
26425 11457
26481 3454
26436 35329
1319 6485
26410 35418
26426 35405
246 834
15757 35345
26465 21107
26426 35388
26407 28926
26434 19036
26412 35390
12169 26985
26489 35410
26441 35336
26410 32164
15146 18545
25897 35331
16882 20619
15537 23389
26489 35400
26487 14369
25739 23813
4479 23566
26485 35365
26421 7234
26499 27698
15949 32597
3954 29377
1302 35419
16231 19893
26426 35414
26489 35391
7032 6385
26459 35407
26410 35405
5840 26712
26404 35363
26454 35406
19265 31106
26431 10623
26446 35420
21815 24792
26444 20019
12992 19376
26449 35350
26471 13639
26444 35363
26445 35368
19232 35395
17433 35331
10298 35326
11367 27609
20702 35402
26453 35396
26458 4419
26433 35352
3372 10873
26476 23062
3360 26888
17551 35379
8414 15380
3275 35375
26434 35385
26410 35396
9301 21503
26455 23931
4144 17377
5826 35367
15517 16337
10858 28822
26416 35379
11716 20869
12457 35366
17100 9434
3350 8580
26423 15078
18382 35418
26427 7170
26413 35395
26460 35389
26471 6378
26476 14293
26468 29444
25923 35349
26486 35329
20652 35406
886 17618
11695 35393
26485 1042
21764 11843
13038 1685
8149 35421
16383 28214
24054 35383
26468 26619
26449 26998
11370 35360
26454 35381
26491 35352
26408 35351
26495 27359
26415 5267
4117 35408
26461 665
26445 35356
26425 17212
5727 17242
26468 35382
16184 23323
26449 35378
5669 16203
26409 3509
26450 35421
26486 35380
26446 35404
26493 35408
23745 30031
26441 10956
26405 35411
26481 20958
26489 15045
26464 3133
26414 28961
