537 809 418
229 345
482 805
298 761
464 731
456 732
414 792
325 728
442 154
343 737
533 771
498 727
535 751
482 204
525 56
527 749
273 771
102 796
467 724
405 52
297 46
457 800
91 744
273 2
157 17
483 801
238 457
439 760
510 183
470 345
433 293
504 787
465 769
232 378
489 447
460 809
494 789
489 787
90 485
525 766
517 320
291 261
331 749
510 783
501 796
500 798
303 498
200 726
476 384
532 784
473 395
499 384
267 301
414 729
463 660
92 556
517 793
475 532
495 242
469 561
436 785
526 721
74 743
494 779
295 730
456 501
442 777
122 727
503 183
187 623
493 518
506 577
333 81
231 789
468 762
506 265
510 745
14 6
213 752
504 559
321 323
408 770
479 715
67 397
239 788
461 764
523 14
529 788
108 746
504 789
14 563
481 352
384 791
455 777
485 788
228 595
146 391
246 125
458 187
537 802
455 754
296 649
529 709
510 720
459 252
496 382
274 802
504 500
456 747
28 502
462 744
103 144
463 756
481 795
512 769
463 495
503 768
534 606
107 753
512 239
76 780
441 586
520 420
530 737
537 754
116 481
518 524
478 782
362 709
516 677
512 724
416 719
519 431
473 801
459 720
337 767
494 796
457 761
530 789
519 785
499 612
371 717
456 528
388 613
468 403
465 746
491 104
221 522
515 420
449 483
116 726
456 39
533 741
444 733
437 55
228 781
497 584
254 351
138 354
479 802
526 521
56 776
475 752
467 773
511 303
477 753
94 615
396 665
190 715
437 259
65 792
525 448
500 304
458 741
162 789
472 790
480 759
440 759
487 713
485 495
536 750
483 739
477 758
146 751
109 728
517 636
482 304
162 755
472 136
338 771
207 807
429 801
509 739
460 778
482 493
205 775
148 804
462 801
465 336
45 752
491 799
479 775
492 182
495 766
310 227
463 405
500 728
311 779
457 349
407 801
520 675
341 717
439 547
520 799
444 118
507 46
476 795
460 809
435 171
274 203
526 759
452 138
502 724
86 677
454 712
187 716
516 780
509 355
295 475
467 272
512 771
449 724
192 776
514 285
406 220
530 256
265 800
453 5
464 795
114 784
471 135
512 749
498 770
424 802
49 756
117 523
443 532
512 522
498 379
331 269
528 84
443 756
129 41
460 86
491 92
523 20
461 435
59 726
506 370
480 553
5 16
519 694
95 792
438 460
104 766
501 710
481 528
519 221
443 764
297 730
443 458
527 640
70 798
452 789
447 631
530 759
130 715
505 634
378 727
524 788
386 720
464 734
139 74
297 783
528 754
491 722
440 785
14 353
209 736
471 721
486 803
364 773
112 770
502 744
224 103
480 718
501 138
514 687
354 528
152 720
66 760
481 213
192 137
444 13
375 689
307 794
463 711
526 718
202 279
462 67
445 734
488 503
449 223
184 736
470 386
241 574
359 807
161 740
512 720
10 750
179 340
191 764
513 798
479 737
474 169
517 797
492 124
313 773
122 101
481 790
470 631
56 409
506 265
447 478
444 755
395 613
201 738
495 796
449 162
468 742
188 794
436 716
502 191
205 467
463 540
291 752
64 607
275 709
448 743
482 452
518 501
496 751
55 714
475 737
520 751
80 771
492 429
467 274
535 530
339 638
130 67
220 620
41 273
456 765
509 584
524 797
478 531
499 778
505 599
134 796
492 768
517 741
451 774
438 738
249 52
54 805
435 771
534 193
466 584
465 397
457 271
510 363
508 140
460 742
428 793
296 786
445 152
464 809
526 790
360 472
504 782
533 720
515 87
364 714
503 287
69 130
325 680
496 775
492 284
505 766
483 662
496 320
451 485
515 694
453 221
508 349
108 760
282 480
465 732
3 721
122 745
131 739
78 740
493 788
399 746
304 362
469 280
459 758
442 782
