669 785 403
613 198
582 719
631 777
653 400
369 749
411 697
591 762
606 750
317 719
663 87
645 736
339 395
652 738
665 754
615 448
214 782
642 689
507 1
656 241
239 715
645 339
593 237
508 763
192 234
635 773
663 723
654 321
126 93
573 763
71 685
21 770
625 731
581 89
39 86
643 748
541 685
549 698
638 247
608 648
634 702
39 687
69 729
654 757
620 327
574 474
613 689
632 699
529 708
95 330
661 781
532 710
416 724
628 701
611 750
419 57
615 618
588 595
588 735
601 161
634 573
575 166
588 705
573 598
74 723
56 780
646 780
381 280
291 152
477 184
635 754
654 395
630 464
132 712
668 187
546 492
580 220
593 704
53 661
292 662
573 731
639 707
623 195
94 562
600 745
640 520
569 781
191 773
609 599
150 725
252 783
249 202
645 458
57 739
280 361
46 542
592 726
590 418
642 693
164 734
608 726
636 698
602 736
653 689
604 444
664 770
601 684
201 195
28 763
652 304
665 175
645 98
201 203
464 314
406 759
628 759
601 632
631 444
668 320
337 690
573 736
542 689
471 704
238 365
662 212
575 765
610 711
632 761
629 731
100 744
537 766
660 2
580 512
634 722
613 636
569 734
666 114
615 700
584 352
644 613
612 734
661 773
666 688
440 736
644 547
461 733
25 342
661 230
317 515
600 686
666 516
228 732
622 734
592 729
633 753
603 483
417 726
659 709
545 751
607 682
577 688
558 783
319 37
599 732
616 481
668 284
637 367
604 256
217 701
629 767
587 766
571 461
631 775
59 732
630 757
623 764
453 740
601 291
597 728
559 751
131 734
200 143
67 769
18 687
569 785
665 763
569 727
656 642
662 775
548 467
605 733
644 269
152 781
612 730
648 718
327 650
617 756
570 721
621 722
613 634
648 694
637 39
435 747
146 376
260 711
665 717
166 674
414 332
615 268
361 287
511 426
656 159
335 354
334 256
451 348
260 656
592 131
572 735
586 756
555 528
417 754
610 424
612 691
507 712
578 761
172 740
668 441
516 748
368 579
541 709
625 746
586 746
429 758
188 575
304 783
401 44
601 451
51 611
191 251
608 743
316 200
657 778
53 777
609 749
616 746
567 715
396 501
285 252
605 689
648 714
166 701
357 760
533 771
444 88
272 46
650 736
648 221
35 367
225 739
100 671
262 733
432 92
663 506
669 711
292 579
662 343
227 691
638 536
599 395
639 140
662 707
215 696
188 776
595 65
605 262
584 422
664 727
600 580
415 746
619 734
542 286
111 402
389 775
591 733
604 785
640 710
668 493
117 254
371 738
569 696
619 351
572 759
647 744
201 754
654 597
631 775
212 217
643 400
584 746
228 365
601 597
120 287
656 704
597 360
600 338
584 688
639 717
563 751
601 307
619 764
521 702
301 746
554 779
230 253
631 768
635 754
587 700
641 691
154 695
638 186
608 252
109 240
668 769
600 252
589 461
530 767
662 715
621 62
423 576
611 261
612 735
652 556
613 558
626 717
587 325
656 636
405 113
633 512
197 431
512 760
502 715
657 764
266 711
332 776
403 694
653 122
598 740
259 765
577 560
284 718
647 713
250 754
120 513
607 711
415 165
345 714
624 727
593 433
228 729
639 635
575 572
635 749
183 731
652 205
647 548
585 722
390 734
656 763
634 781
417 748
645 764
653 769
408 476
613 715
137 397
236 767
490 719
238 456
637 686
532 725
634 289
608 174
209 370
623 521
583 689
668 258
624 781
268 759
599 483
575 729
37 488
601 687
598 728
665 717
187 749
613 584
84 739
80 689
576 106
228 736
442 220
68 690
590 553
622 767
