358101238
1007688842
1007187226
1005328398
1005505444
1005030518
129881997
1006951197
245521964
1007718367
261511611
1006420060
633936320
1006012575
952272705
406179527
1005870569
953161787
245071752
583864690
1005454130
1005778983
1006243024
1005446433
47888201
713484312
543234957
1005508956
777778090
1006331598
619489698
834515165
1005545780
193301767
240599183
639642961
1005019658
1007836386
516679493
1006095536
553916130
1007688898
1005947965
1006567604
92914320
1006860866
179366914
1007586700
29683003
1007275247
1007007350
1006592796
158624245
3481617
1006329888
101441614
1005062852
88488448
798712803
1006302100
69668859
1005121838
884331556
236033078
654354532
1007305245
1007357757
1005859452
339259946
1005387380
1005188451
1005605953
493694309
1005235258
1007275736
1006036520
1006331561
404344699
1006036510
1005604671
1005711918
431672098
991726109
620304554
1005947539
542438271
1007488967
844973263
1007177278
433767683
428832012
1006892231
691569891
440170412
1005096863
1007541358
756386289
601037217
558696011
195134408
233445489
715030084
1007654040
1006302058
72411016
1007157352
1005747657
554919271
1005889041
1005342908
748006597
276954670
1006593622
1005298874
285974495
1007805495
1006685676
1006927646
461473823
390482335
1006921669
387773545
5692471
1006066027
1005489127
861486598
1006538078
554417678
1006420109
1005556470
377046734
742134849
1005416917
307157435
1006272552
61637986
673382241
1006806163
1006001701
499300490
600122497
1007747826
817699751
1007806866
556414299
755735239
1005564420
1006685688
715284381
1007098755
994546621
646564919
1007246311
449119225
1006567590
918462676
1005456761
1007364333
94743688
1005918508
633627321
991303072
1007060378
1007269605
551939231
1007688543
706761948
534025125
608325105
1005151298
1007283898
955983534
172875604
630779177
1006597097
702862358
1006626607
1006556124
610803617
61401923
13033517
290948465
924894989
1007628175
1005773955
134311259
1004974264
566544688
745650200
1005121792
1006803643
1005680330
1005055361
1006774143
384758185
544295400
630119679
1007629865
647568095
72732204
334716046
1006272619
1006803693
1005816321
986385537
729004722
892253575
483072196
797075047
597289926
1006988538
1006171262
1007216725
451766364
1006790123
1006302063
1007152324
309635927
1005298862
622606010
90560539
784416934
1005830007
936758485
873938152
914164814
1006145759
1006774205
1005298877
490989490
4433034
184825584
1006436640
1007018343
1007836388
1006234053
451766364
1007069240
804144868
1005689874
1006252806
1005062838
712805926
1006479123
135223490
1006649545
1006890359
1005033334
1006806163
253751513
1007266707
45234157
891981269
75977943
397239268
1005844812
1005505446
1006077512
675716836
1006913941
1006144460
330024525
1006840082
1004977741
1006352325
1007836455
374637621
1006353393
1006007065
1005948009
1006534448
327553725
697808704
317484750
1006685651
673891567
375670292
1007157793
1007246240
1006623885
1005652898
465167240
1007042580
1005755293
1006634945
1005770939
1007801599
520810387
748373849
90671924
1005829980
14959537
912679502
1005045110
1005180828
1006803668
1006774146
1005701133
548427979
1007876090
1006095544
955433782
250613824
1007364728
1006693508
1006272536
633046395
1006449582
1005052006
114821104
685157031
1005505429
1007475190
140424414
1005568762
1007716232
1005215788
1007535141
1006586051
1007924902
1006449893
997450266
159818066
1006157348
1006903761
1006449578
1005094944
1006390568
1006483980
1006774133
85447989
708477043
508358871
988037828
250210797
1007777418
775594668
1005682480
551791700
239192718
1005534970
946463960
35879282
453123547
1005523192
424856815
1006244069
1007729961
911485020
422835700
847562640
1006095531
944782098
1006549821
513463377
148297139
1005151340
164520327
431112067
1007076249
1005809567
1007069277
942083986
537569778
110116302
1006951205
1006980704
905096513
1006272530
976302339
1007535969
233273411
408395347
1006900330
219963659
778489213
752845509
400130855
42813191
362291765
963671013
191706256
1007315734
99548848
1007924894
255836586
1006125012
857650812
913452018
127200365
933874586
62080571
1007541367
1007280284
536970965
830328288
1007364305
1005652957
1006420074
1005977541
1007698374
1007181588
474159142
1005033320
1007924860
1006066063
1006518360
724460806
168892246
679552685
244398116
527209095
386260941
1005281263
1007688857
1005535115
1006742086
1007010186
152174933
1007621819
240473838
1005843897
190936759
425417503
1005180893
1005162911
417568877
586461176
1006851754
697521744
37207023
952805614
772972132
582536953
1005505418
859596628
1007065246
720928349
1006095490
257439848
863940298
344869363
169895472
642640617
