33421 47029 436
33393 41729
21850 47028
5576 30329
33328 26413
10715 24183
18819 43830
27846 46989
33359 28653
33368 46991
33331 31671
22883 46993
15018 42673
25627 42817
22289 47009
33353 25270
7084 46987
6914 1271
19247 29245
19338 46964
29218 47027
33385 31861
33370 23667
33347 46950
33347 46951
33387 46988
33395 19643
5636 47006
2511 46996
33407 47019
16023 46959
18303 46939
33342 2232
11533 46946
2314 17212
33393 46971
33344 17599
33379 46984
9286 25697
28459 46968
33374 17593
33332 2389
33338 46935
21101 46957
21060 47003
11736 41968
33376 9452
19836 5856
33402 47003
9990 11188
33411 40494
33369 37003
13590 47023
3045 47006
33404 38349
25719 3575
15416 46939
29600 46946
33379 46932
14943 39904
33408 31527
33356 25846
33402 46403
22288 46345
2654 41060
8685 47011
33373 26230
21654 39130
33353 22992
13709 11401
22684 47029
33393 11357
33345 47019
11699 1572
30172 29587
33360 47020
33419 38460
26985 7783
26580 46958
22692 23675
5254 27224
33338 47000
33405 46966
33324 19456
33421 1391
33406 4
33381 23927
33336 47028
11193 47029
33340 19774
1610 47029
20981 38232
20031 47029
33334 40177
3828 47027
28754 28813
23918 47011
27973 17936
33372 22733
17805 7656
33332 31483
33411 46957
12947 46962
22935 47011
27857 46995
2059 46957
33361 19998
33369 46935
8213 47004
8018 8951
33322 35847
29443 46964
20441 46960
33376 47001
3849 47016
9044 47018
33416 20348
31518 46932
3604 10525
15374 24029
22783 30532
33400 35615
17907 38336
33374 13753
33388 8089
33413 20908
33347 28368
24403 11264
33367 47003
33345 46322
33341 46978
33366 47014
33355 46255
25369 35935
202 46963
33392 21751
16031 46967
33417 46946
33323 47016
33398 44321
33386 12839
33353 31725
32060 47026
19384 46953
33415 46947
22203 38394
18788 46931
33371 35492
33374 37922
33371 21840
21494 2903
33382 47011
33420 30497
18845 47012
33400 46931
33352 40980
14818 46993
33335 1321
7715 46959
33332 1097
3219 14593
33360 42747
13219 46942
25708 42631
12198 20792
33336 46964
19394 46965
2336 9679
6831 37812
14369 17420
12942 46981
13759 2217
28358 46941
33374 40721
33334 47015
19396 46987
11085 11455
28893 19304
33362 33760
21269 47015
33329 16062
22302 46939
22537 18503
5500 46949
33375 46931
22371 17020
33329 46945
33329 46964
4159 28242
33350 21583
33388 46962
33362 47026
9569 46949
5420 46991
28944 46971
27507 8675
19401 46974
14885 40713
8333 47029
33415 46930
33326 33612
9074 29879
13067 27896
24654 27395
20406 22880
33350 2105
14024 33760
8774 46986
25487 47003
25352 46991
33405 20203
10643 46995
33338 33499
33380 36079
28162 46975
31136 40368
33406 47027
33410 31731
15523 13459
24935 46951
33380 44620
33416 33600
18314 3911
33394 46946
33348 46932
22145 47006
33357 13549
33374 46983
32781 46929
33411 47000
19257 47010
33396 44005
33421 46949
33415 46929
33356 46965
11974 27401
33393 6338
33370 18915
33345 46985
33401 45122
33402 46975
33376 46946
33349 46972
33329 34670
23503 13619
24292 46965
25075 47023
33374 46940
33371 46940
33322 46939
33415 40806
16877 47026
7931 46989
33402 32089
33418 46960
33417 47014
20649 121
32747 14165
33390 7171
25345 14868
22261 47005
13065 13052
22232 46995
16722 46954
33365 46933
33323 47018
33411 46957
4561 46978
7689 46975
33378 273
29293 21498
33327 29538
6717 12715
33401 40345
20032 47026
5031 46929
21148 2385
33351 34256
31440 46937
26875 1717
25065 4448
7926 46951
33373 46980
6785 46985
33331 14955
33414 34492
18985 30183
33358 47009
33389 47018
33416 10656
25175 46950
18843 47018
24094 46942
33363 46970
29317 46988
33404 46953
33326 46951
9942 9977
8884 27893
33339 46995
33368 10425
33334 607
33378 46979
33337 5223
5732 38579
22074 37699
8803 47029
24938 40622
16434 46979
30076 46999
1848 46970
33382 28411
15361 11009
33378 9617
25196 20033
15437 43212
8733 47010
33335 1179
33359 46955
736 25030
33414 47009
33394 46984
23089 46970
33357 46995
33345 46989
29934 36969
25912 46935
23566 24489
13166 4651
1141 17205
10670 18791
33402 46994
137 46989
33408 28895
21047 46089
33336 30823
33385 46966
28393 46963
33323 28898
33341 7066
4129 46986
33340 14794
30022 46947
18796 46992
39 31051
33363 35473
9417 31101
33402 46153
4024 23070
29905 12460
27020 34134
26672 21090
21814 11407
15952 46990
33345 46989
12793 13964
33342 46960
33379 46970
8089 43513
33416 47024
28155 14710
33362 46974
33346 47013
33410 4894
6380 31681
33389 57
33393 47028
33366 6998
17798 42098
30296 46954
33353 12194
24447 46977
29062 46994
31592 46952
19698 46989
33339 14745
33372 47001
8586 46950
33384 46981
33343 26288
33323 46940
31019 37171
33373 46995
16434 39858
33356 46965
3576 39315
33353 11300
18768 47021
33379 46971
15289 18405
19372 44815
33405 33531
26298 15260
22902 46963
28638 12578
5857 23228
33338 46944
33409 24014
22054 17693
33358 46934
4258 27665
33374 38315
22326 46963
2160 28098
33392 47026
19561 36343
15844 46978
33391 47018
33338 46997
26428 46992
33368 27950
33401 2637
7635 21934
3328 14535
17717 11518
24223 4718
33362 47022
33410 13148
33332 33742
33323 35428
33376 46120
10633 47004
33325 44234
18014 46988
33327 46994
17501 18623
18228 41887
29358 42796
25979 13036
33369 39990
33407 46987
25192 46978
33395 47006
33395 5082
19225 47024
33354 29310
33341 47006
