617463
389400
195902
383483
589768
360403
39479
195716
107172
612863
144793
632575
271842
289895
305304
590456
638456
142929
639842
603845
458951
332070
52642
116560
634549
618064
100753
607095
591683
596979
488935
581256
612188
635180
498188
608164
351194
279392
13790
263916
635877
597708
42966
511289
350529
602959
629442
304457
611496
613807
588473
121821
324864
634209
640946
4090
174628
453775
193734
597023
620768
268833
461361
586389
466478
283300
615410
580744
429284
591160
605544
290548
381454
600949
633231
148695
607569
631064
589086
596966
641917
340446
556660
339972
634603
434253
604714
598940
581191
112622
606091
101424
631580
29461
627269
152177
24329
633287
318412
437792
642907
638501
637774
463782
606930
642516
63297
537788
609854
426536
627214
604917
633279
641746
419771
603572
606649
600921
127724
642968
422407
237162
312661
83459
176529
643839
583797
597655
214586
600953
634555
587949
580779
622739
585996
256951
271185
580519
637864
630614
483628
596438
374258
494218
579578
618939
619602
74308
47805
594141
637626
597690
587124
368306
642536
36815
245724
577914
643804
66502
411126
514350
602906
615443
243733
176146
640928
153951
608129
627981
633864
627963
157441
612205
142826
585117
641792
139282
627565
535732
165977
595671
581854
580014
378181
451408
627955
587794
611856
569327
637818
594401
503827
593314
639145
347227
406571
182454
246388
609516
298657
13769
170610
596569
577854
566727
329305
509391
595027
642314
592346
609545
627956
428283
160787
639825
613496
377420
124483
623754
581684
592816
555823
394687
263337
276563
583789
612743
610695
621412
627070
609347
596815
41991
630932
29593
616282
578511
109983
629279
590203
133719
600150
591715
643509
171135
622077
603046
343324
34830
633259
608056
601008
629981
30920
591060
49347
642904
636219
627236
626469
601399
577250
615407
290249
369017
307977
181854
36243
580887
618288
511978
585996
377420
633313
427448
3565
595697
643166
635239
595663
136769
390779
594984
604744
13401
26527
494206
274921
324226
321726
308372
616100
593744
298460
600647
627980
464585
608019
603161
71146
259066
597658
641109
617943
249749
642440
641433
547875
602228
349235
385372
313627
587093
329198
168683
586501
637212
135019
615503
13794
626707
469812
610211
110046
633889
610174
623395
245134
519349
628025
642619
615050
91876
642874
634535
606902
597014
247151
606928
604881
589752
588480
45433
626680
581177
615279
624848
457322
629442
604399
577920
271455
16400
495908
621388
60058
99031
117927
631981
634580
423020
305770
593063
604952
602245
625882
642573
633251
608832
521749
504775
632584
415073
615591
119921
589134
628861
70827
591065
388791
88275
585412
486965
346534
641781
420175
513430
600841
210856
637882
603336
338054
290812
632590
390733
218712
297159
309648
630684
615505
624005
18353
631462
203667
512717
416861
377903
602249
618052
614790
