533 750 438
446 158
411 659
262 672
190 675
479 90
495 585
377 134
485 724
202 252
400 286
448 724
441 696
353 705
97 332
450 672
436 680
521 672
461 652
12 233
73 583
138 252
520 65
498 655
531 684
499 326
488 448
340 731
409 141
501 723
426 190
443 730
256 78
474 727
463 689
486 646
367 669
92 650
501 206
502 684
466 724
449 731
62 435
495 708
343 736
411 719
433 667
196 700
126 154
488 13
475 355
503 668
169 248
516 667
458 96
505 160
418 559
182 692
11 492
519 64
528 217
480 682
439 677
528 743
438 716
518 740
501 708
488 347
202 736
520 480
483 742
244 133
472 717
440 667
472 702
521 724
528 427
274 732
187 180
121 6
410 280
485 657
531 102
355 696
99 265
235 82
525 555
507 682
235 62
506 740
440 707
451 648
307 660
493 678
91 466
486 738
528 721
470 608
518 625
501 657
461 657
148 720
446 676
80 705
428 39
35 546
464 108
404 593
461 713
467 702
437 745
478 354
523 720
461 748
499 720
450 525
143 323
500 736
498 614
257 731
76 705
481 660
504 677
473 746
262 437
453 671
462 692
501 374
38 71
376 128
209 193
506 546
495 711
511 411
436 685
469 686
130 207
497 196
458 566
526 53
368 676
507 746
531 698
497 190
62 429
533 496
302 657
499 693
328 750
245 277
472 601
496 229
449 727
494 630
310 540
54 399
519 718
523 731
340 218
434 480
459 75
518 688
390 718
135 666
476 657
447 668
454 742
450 476
291 652
452 650
529 655
335 39
450 650
490 652
517 704
485 130
527 349
489 112
441 689
104 693
481 703
444 705
456 604
351 675
442 681
520 211
236 699
341 723
339 596
533 717
477 314
476 161
449 666
485 709
466 664
441 686
436 750
494 61
471 706
451 737
446 654
478 651
483 147
484 582
510 478
447 723
63 711
504 718
520 707
295 688
452 70
272 627
528 712
167 145
532 655
479 19
455 15
299 709
515 735
237 673
506 729
510 719
361 684
156 197
179 102
519 525
509 682
462 680
433 667
431 701
177 708
351 336
452 747
1 26
191 261
448 659
474 669
501 747
458 90
523 708
382 701
507 668
264 489
504 748
461 652
434 718
433 741
306 742
32 91
520 732
500 455
492 657
520 410
459 678
528 717
13 113
517 22
371 276
516 509
284 703
294 313
455 3
444 664
434 586
477 8
456 57
345 671
476 695
507 727
457 707
360 722
527 744
435 448
511 209
120 673
378 213
444 713
255 323
446 717
494 680
207 226
154 102
412 680
516 694
337 698
435 728
435 747
102 713
441 691
363 704
18 530
509 367
69 256
148 687
109 749
529 676
493 583
456 671
442 655
519 703
273 421
438 694
445 64
187 669
457 731
457 620
510 692
113 359
508 736
469 714
459 714
443 99
76 666
280 167
11 676
455 215
463 704
490 657
527 393
194 743
526 387
475 687
373 681
503 636
336 739
507 413
262 677
230 470
283 146
80 708
493 143
52 712
443 707
532 664
99 687
139 89
399 655
531 671
506 744
509 712
387 694
256 173
460 719
469 750
454 717
513 707
480 519
213 487
367 649
61 690
4 733
61 684
435 553
453 621
457 703
249 719
10 404
107 710
142 670
483 741
242 725
457 174
437 729
517 614
12 194
522 725
433 108
274 537
488 628
235 669
460 727
468 680
434 618
488 697
446 661
451 681
479 671
444 664
78 603
469 449
468 718
463 693
434 323
523 698
488 700
473 489
446 704
511 647
228 562
141 133
30 253
217 729
379 672
458 587
362 748
467 716
455 709
439 234
92 720
84 705
528 694
179 563
195 117
352 719
113 76
502 157
469 732
408 108
435 13
285 649
88 673
5 653
119 171
87 689
180 737
453 518
114 691
224 656
181 292
472 288
483 209
525 746
508 614
521 549
524 720
486 664
492 266
442 362
443 474
476 18
481 618
428 513
470 710
465 731
148 668
517 689
491 457
65 692
527 730
