1570434097
1027583649
262217004
1567361896
503892889
885035552
1309569494
1568822035
1569263634
1567508241
1076164571
706277166
1205207971
1048229361
1568536478
333153394
325112748
905149379
909446737
1374093320
1570047997
1569334368
1568275984
1568275986
1570157182
1570506069
265055421
118089786
1571097793
753545597
860771697
1567996121
542385374
108795289
1570439340
1568105546
1569780946
436689962
1338398250
1569516410
1567525988
1567852708
992358857
990430714
551927283
1569602327
932826071
1570862632
469783869
1571279384
1569300675
639124104
143203282
1570948036
1209495397
724998974
1392058317
1569780894
702747222
1571129330
1568678141
1570862032
1048181668
124808997
408446847
1569478018
1018358067
1568534200
644684933
1068263735
1570403725
1568181995
550146814
1418941546
1568887431
1571653582
1269038319
1250030749
1067158714
247070561
1567852774
1571003682
1567166823
1571710571
1571003749
1569851947
1567758743
527006974
1567919605
75716690
986706652
943401740
1567657834
180027010
1352253650
1124839604
1315513124
1569427492
837311972
1567555083
1571285848
608884396
1078610097
1310086819
96832639
1568907438
1569310608
386249152
377040444
1567089156
1384674782
961319720
1569639877
181014608
425330265
1571494383
1482259925
169456012
723000846
1071445210
1570757186
842139610
1569512570
1570165312
1571353856
1568257402
1147612922
1569216617
1568181298
1567993838
1569169599
1568651521
1193067607
9499792
1570367090
753921837
1571568010
1567147354
1570671834
1570076004
1568542935
1507749737
911610060
1571473953
1044176252
883580754
1569393222
1569536741
1569379570
1010797200
1569922060
1571692648
886261488
1570768503
1568505159
696875686
1567666007
362828665
1567524696
151353915
1568883158
621676264
1209017134
573633505
1567758679
912080362
109822394
321245882
675730092
608649270
647027199
1333648294
1569539541
1567664673
912174442
521280891
1358781172
1568968229
1000259787
1567398574
1048840668
1059864047
258659420
1569592777
1052055750
1567429458
1567429478
195574824
1568391704
1570204186
1568981496
450020421
254897142
1361207318
1293588349
912409574
700020349
393021353
1571473936
1567275037
426723996
614508810
1159433332
959649625
1568372226
659521427
412632403
1198628097
1192279170
1570976919
500529613
1567839272
1569817070
1324430644
1464288283
1571050773
1571223592
729997597
1172668037
1569825612
1571507636
861245988
1570486343
1568322995
1041457182
1568712873
1569545804
1541657549
1571285892
905637434
1570577460
1571756130
1571473935
1568699261
563105618
1570398706
1569329616
1568181962
1570813722
1570862605
1569639822
1568370064
1567417183
1105289177
1142428404
1179252169
1569545761
1569404672
1567100249
1571467812
793708430
372986959
1570847718
1571615053
1571568079
971054913
1540025799
1570258452
1191917844
1046912545
614399908
1045548694
786418863
1569122489
1567147357
1571285849
214499218
361605927
1569687206
1377594966
1567317992
315859479
1570808945
942084925
236602799
994524648
1568451406
1478591668
1263859063
1178739304
372751776
1569498769
319091721
1567491525
1571414469
892828719
1568793362
1570251270
1571484691
1183954996
886167436
1133116639
1569028468
1378749152
1570956641
1567288377
467525266
417786500
1567899797
1569227068
1567618264
1569733913
1567763967
269561778
1038108816
415642302
1172802795
772874536
1414444174
86909533
1569903460
722376449
1569696551
1184915688
725982856
410704238
1567665865
1568840338
34591345
1571426987
1570486382
1085852522
1568746320
1568181967
1407756026
1218615354
1108262874
619141436
53630265
501771192
1570862626
6442933
1571126698
989818423
1567742538
1570063103
1335294331
1567129236
1567953926
194182698
1567914625
1411904556
883957047
1818153
1569016971
442856165
1570861783
189220737
1406367676
1270710685
1254331549
1025854984
750206569
1568181968
601608932
1568040850
1569780933
380414065
1571521062
1324069176
1568981444
1568229018
1571196755
300029672
1570204309
426723996
1569129583
837017211
1424790509
1568523402
1149717911
1366756763
1485740091
926377202
1567867547
1569451761
403790915
1570016088
1568067206
1567147279
1458782693
1569498785
772867415
1568699262
168167990
1568522508
882640264
1569780935
718997757
911043574
1570990248
1236736873
1077058092
1346782051
275425052
1567852719
1571168846
1037148230
1568793287
200230118
1569537135
1049969388
101563709
1570392366
919923583
745127425
1570345328
1567852773
1242882375
1569244594
1570771237
359041320
156480018
833177282
1139141156
1568981493
1571205010
1567557344
1567135767
1569638996
500059332
1567238630
847180365
1567335449
823026123
857239470
1380673149
1221732398
1569303663
1571097761
1184754517
1570533433
1570491508
904132520
1568587547
1567993868
