389230
580918
218433
622152
631914
642825
167011
36312
594670
584075
592689
592480
525871
646546
615217
91241
655744
565220
608471
398056
549402
582907
646897
651276
244044
385322
621181
603252
641867
624834
647022
487544
623501
80689
594706
421564
675254
583682
412877
242714
582891
660603
587811
204206
474015
55514
225994
677225
623140
226921
630023
319773
368038
581586
609374
603516
75146
672274
583847
391146
556352
582855
533994
632840
659552
261424
117312
254575
89209
635917
359153
22537
590115
676549
221150
319686
642020
643975
652712
536502
654031
613323
225058
591727
201215
71285
607483
608405
591712
662034
493447
323402
583878
429553
620269
177848
648263
654844
274165
647898
141097
677236
609420
383683
678619
593849
484599
674870
678943
586787
665482
598607
617356
56600
606097
586268
606412
29403
614924
623476
602480
625532
88407
648761
650222
669396
168983
664458
620035
336129
619375
586776
294880
650565
649325
431469
633727
341054
627086
602253
288844
633002
610645
240756
468838
651703
926
587823
678787
75426
666176
667200
595606
579978
459973
581881
512562
478128
607734
616742
153338
428504
675317
597272
667716
196539
673091
291912
588805
537649
639928
397663
594668
674338
379042
586774
613978
652644
492342
231092
618220
138890
618272
672013
588813
335046
666421
72701
630220
627124
459402
614786
657933
612753
483093
2850
658577
110986
657565
668417
290948
188644
642850
652043
676210
392788
659537
476070
533728
383177
643792
671168
451206
643828
626115
652688
608521
235392
626146
184775
649591
633231
630046
141454
389293
261415
652616
547513
645924
288682
671292
377241
77656
677190
568092
669810
675275
219712
619221
663510
623192
634979
593704
676266
460357
653635
20145
596585
614599
116945
580927
657593
96299
64822
243697
665406
669373
631856
658157
591650
670168
246658
591797
54322
231858
646751
226079
218184
590701
617761
634271
342975
599306
661720
495406
554629
678245
618876
563473
673505
601388
595603
498692
598590
591681
612333
631061
20517
604705
664444
228961
582908
628134
620240
619529
248135
363231
585860
655563
412851
607442
519011
600011
650544
405924
514067
596718
334140
628039
583858
104113
590724
11724
645801
201466
274169
603464
31434
665095
607432
136996
191337
590587
228599
627226
660101
624197
630026
272741
663572
638939
604525
600324
583811
376399
60221
664426
617278
598547
625321
639882
132918
372749
633131
405970
634952
617487
545517
666401
592758
555949
342064
619222
675117
585275
76612
637949
591752
598627
299738
112033
280154
624158
602552
647821
659571
592715
639919
66032
9958
538589
641863
364941
384999
122767
615281
380374
637907
661036
659533
523891
648279
671387
11466
651597
41205
36283
630132
582877
597615
12861
639199
541563
130288
20637
661531
674389
112265
55995
608410
591671
580874
640273
606370
331349
438401
467824
641804
617310
287029
623350
635909
671463
279441
217222
649209
587775
558471
540676
669379
152561
595436
477075
508074
587748
5201
520989
575004
605
635554
651922
368759
593686
605753
613362
213227
160147
