34160 29506 444
12137 16422
34152 29436
34135 29422
34072 29472
34078 29482
34062 26652
4402 26091
34127 29441
8322 2538
34153 29455
8863 29439
34109 29412
21485 29416
34096 5505
32274 25567
13766 29437
34091 11029
32304 29469
8306 24422
19788 29468
34077 7674
34088 7961
34103 29412
34076 29483
1623 29469
24181 29232
18411 29497
34079 3488
26360 29436
34106 29468
20996 11228
28283 26473
34080 10806
6552 7961
8155 7259
21679 11893
34062 15792
34157 29450
17511 29433
34098 29454
18773 29498
34152 29491
34093 29413
34114 29426
3149 29432
34124 27628
6079 29446
34149 15812
1006 29473
34138 28925
34129 26582
34115 25112
5376 29495
118 29415
34106 27758
3438 29492
34063 29480
2999 29460
27070 14889
34105 29476
2362 5193
34065 29454
29972 7230
8000 14584
22177 29476
34139 29417
34141 22917
34090 29418
11498 29464
34074 29442
34068 7549
34082 11967
16732 29423
34069 24850
34138 29413
34096 29449
34106 29430
13704 23981
34096 29439
34082 10685
34085 29414
14630 28824
33611 29449
21023 29422
34093 28987
18384 29473
34146 6597
28638 9941
34135 19474
14701 29483
14534 21314
34125 29487
23439 8263
14918 29410
34065 4479
34147 29482
25635 29485
20370 29503
18935 29407
6614 11230
7912 23523
24234 11186
34151 24140
34105 29434
2455 3292
34134 29054
34087 6141
18807 29435
34091 29500
34073 14476
25351 29497
9387 11354
34115 25937
34071 29454
9693 2343
34156 28065
34118 29474
34127 5890
15640 29489
13234 29437
34126 29419
13143 5693
193 27319
34097 29451
34078 13165
29197 29422
34113 29406
18790 29444
34109 29460
34080 21495
12779 19066
25152 29443
34075 29473
10410 29481
34104 29434
2089 29458
22822 25815
34123 2431
34095 24137
16922 29464
20339 29469
34154 29408
27713 29479
34156 29435
18858 19657
25613 27567
34080 29444
34118 29485
24242 29435
34132 29469
33707 17385
21913 29447
34137 29495
15222 8399
34114 29412
31128 29414
34077 10304
34141 29492
3211 29428
34092 29462
21475 15477
33597 19496
34131 20598
34138 23283
18706 29501
34152 29137
23954 4730
18099 25537
20617 29409
34066 29408
34139 8070
32400 18640
5859 29456
21378 29415
34115 29411
23821 29438
34116 29417
34114 17946
20701 29417
2081 29443
442 21371
9861 19305
31346 29419
34150 27781
34088 2933
4552 29453
34060 29410
19201 29488
25272 4074
34065 29407
34122 29417
34084 27332
34063 21989
34121 29423
13040 29451
18447 27724
21356 19049
34150 29470
21947 29419
2465 29420
11344 29488
34104 29500
34122 29466
34089 15793
33430 29463
24707 29486
30240 21641
16372 29470
27014 29469
20243 29474
34129 7770
34101 16662
34136 29415
15311 29504
34122 15897
34105 29438
34134 24026
10494 29469
34071 29442
21101 29410
3070 6625
26585 29430
34089 29478
31749 1997
29619 29444
30983 9922
34100 20665
34121 29484
34071 29455
16641 9650
151 7134
6243 29506
34110 16486
34130 8069
34157 29451
34103 20441
34139 29506
34131 29459
27254 17850
34085 7370
34104 9688
34063 29465
24158 29484
34111 29463
4583 26998
34117 22849
34125 27615
34062 29466
34078 29506
8600 29419
34138 20385
1534 1459
30231 14889
2575 29499
13463 29496
34090 14778
34078 29482
34098 11430
22901 29436
34126 21691
34100 19366
11185 29421
34124 6844
34061 3381
34107 20689
34158 13
12697 29445
34107 21756
34095 29500
34093 29455
34113 25776
11102 7619
23650 21310
10761 190
34118 29449
22840 4033
12732 29406
34134 29493
34137 29424
34116 26695
34083 29406
15766 5150
34131 2800
34087 13776
34117 8249
34087 29421
34156 24169
17651 29487
25364 13171
3073 29492
34089 29451
507 29501
30932 29416
34063 11738
34067 29432
34122 29440
34121 29425
34085 18628
18587 29463
34159 10142
34098 29460
32381 29502
8494 19366
34142 382
34119 7800
34104 29417
21455 24671
34110 29427
34063 18633
3892 13258
23221 27711
34078 29466
34145 22326
4760 5360
34081 4282
34153 27320
34069 5380
34147 23265
34115 18367
34160 29448
34111 233
33805 29442
5417 13570
34101 2748
34126 11511
34110 29423
34065 2560
34108 29426
34112 4814
34121 29413
2896 28119
24012 8477
17229 29503
33486 29418
8480 29423
34155 29494
26286 29458
34084 29481
18701 29500
8107 17082
34079 29501
32077 29504
1216 29492
15357 29411
34079 17723
14399 29427
34104 951
34154 11543
30892 15174
14331 14720
28726 2790
34098 29448
32020 29484
34114 11643
17402 29471
5026 29489
34066 29449
5576 24377
14611 29407
34132 6963
34089 9039
34131 29494
31929 16418
18219 29470
3732 29416
34127 29447
34128 29442
30675 29469
34104 29410
33089 7811
34147 24092
7906 28481
13842 2801
34126 8080
7455 25935
26385 2909
25515 29425
13561 29495
1451 29491
12279 17097
32661 5053
6498 5774
34140 10400
3374 25110
34160 29440
8671 19566
34099 29424
29067 29416
30959 5270
4311 29505
31651 9686
2104 29453
34147 29488
34139 4456
18199 20777
28141 29448
34141 29464
34083 29464
34109 29425
34094 29483
34153 9462
34135 23783
16070 27228
34062 29452
34160 29406
34097 29486
34113 9688
24553 29494
5724 29408
23031 29505
8283 29424
17868 25393
13091 27401
34071 11843
34152 29449
34080 141
34120 26872
34129 29416
5158 12491
34150 21425
8150 29444
34090 13863
6472 3433
14418 29501
34067 29496
34067 11515
14152 29471
19876 29426
34124 18515
23640 29410
1261 29463
32292 27368
26198 3450
19743 29501
34078 29455
29133 27836
34131 25464
24434 8251
34098 29407
8725 29504
29281 4618
11689 3235
5758 29430
21780 29443
