42842 35322 442
36510 13817
42765 14164
42769 8163
42779 35300
42799 3211
27926 35225
42750 35270
42781 14905
42757 34078
18528 19374
42831 35267
35968 4449
42768 35295
11299 5936
42785 35293
32940 859
32867 35274
42803 5882
17962 16981
3714 35279
42829 35295
37903 35269
4338 35234
7295 28880
20101 35292
18380 28059
42786 34949
21875 35231
5071 9691
42821 11847
42786 34486
42812 35260
42815 35261
22274 33750
42746 35268
29986 35310
42795 35294
42772 20290
42801 19335
42783 3224
42781 35265
42832 35264
42812 35271
29148 35303
16750 35242
33464 35234
42841 35235
25807 35242
34382 7520
42778 32317
15354 35304
42774 35249
27307 35322
42840 35239
42763 35318
16835 35228
38867 35246
37947 35265
42804 29704
25309 25480
42819 13940
42801 23473
42838 29240
35325 35298
42749 6065
19506 27170
42760 2102
42749 35293
42755 35319
34040 17547
42824 19008
26563 35268
12103 35270
42743 21156
28373 35250
14715 27106
42819 35259
21750 35296
27698 35266
42742 35241
42836 35274
21679 35280
41749 30784
33750 35269
7814 33304
42757 13058
42763 19334
42789 35283
42790 23961
42768 20817
17480 23230
4881 35236
40696 35257
42760 35262
38844 35294
17053 34191
42743 12549
42840 30146
42783 35242
36160 35294
42827 25814
22173 31748
24139 35317
42524 35277
42755 35264
42838 18096
42759 35236
38633 35253
36990 35252
42834 23255
42817 20135
42748 20823
42756 35288
42806 35316
41156 35287
42835 35243
27927 35238
14667 28921
42759 16520
42835 11511
42802 24356
42779 8725
42838 35312
20507 21173
42743 35281
42825 26365
42813 35321
42778 20975
7375 35239
18007 20167
25378 33749
42743 35241
42796 35262
42760 35236
22406 35304
42799 32343
42752 32705
42816 35249
37018 35287
25069 33275
24872 35306
42837 35302
42827 35274
32186 18725
7833 19697
24834 35288
39695 28852
36856 35261
18008 32273
42809 8265
18879 35235
35095 35231
1905 8991
42742 35299
40729 35277
18021 35243
42813 35262
42772 19186
42811 35249
42842 35255
9403 6405
42807 35228
4510 35319
21154 35280
42749 32976
16286 35294
33366 14010
42774 30456
25881 9934
19592 27220
42837 35320
41161 35269
42827 27430
42758 35237
25113 35241
34566 18337
41894 35241
3097 35311
24217 35261
42785 31174
529 35302
34863 35306
37361 27426
25528 35312
42804 35228
42831 23873
42776 35244
11645 31590
5386 35226
36676 35235
20191 11535
25906 35248
42775 6987
42800 35267
41913 11345
42814 35302
19365 35282
42834 35277
42756 1081
39300 35271
38425 3153
23580 35273
12822 35249
19817 3280
32668 30164
42742 31716
42811 27145
42743 35305
2742 35254
42822 35301
36316 7195
2958 15086
24304 16076
42818 35322
16442 25579
42765 26506
42767 35282
23967 35276
26813 35319
25674 35313
42803 35320
2764 13286
23851 22357
1325 10907
42817 35311
36145 35235
16060 35273
7662 35315
17064 21419
42781 30933
42788 35264
40480 35302
42803 35284
42120 9270
42772 35280
23805 35303
42791 35003
40864 35296
42759 6917
42755 35294
42780 2335
28768 8690
42755 35269
42752 23105
13501 25799
42828 35228
42754 35243
42831 1565
2666 35237
22561 21165
42795 35301
34342 14503
20344 35230
32982 35295
42805 35310
42828 6887
42786 13108
42795 35237
4163 26650
42790 35244
32323 26945
36745 15825
42759 27057
42816 30327
5272 35253
21045 5424
42788 35239
41801 1219
32418 17243
12177 35293
12702 7835
29192 19133
42744 35319
42764 21290
42775 31348
27813 1747
19480 35316
25690 1612
42828 35279
33682 35254
6635 33753
29309 30977
42814 35265
23472 35284
42750 9369
38572 35262
22582 35273
42807 18207
42517 5634
42841 35277
17592 35298
5757 35228
3754 35311
42834 18660
22283 12520
42839 35306
8167 35322
42762 35285
41391 35259
9565 35290
42746 591
10999 28167
42826 35269
18086 34047
42800 35304
42804 7704
42833 35313
42748 17706
42772 22854
42806 31373
42793 15783
40630 35307
42770 4006
22812 35283
15576 35266
64 23794
4210 29067
42807 21543
3254 23329
14248 35230
12954 35310
10975 708
37800 34881
42831 35286
38485 9482
4823 30377
12268 35276
38298 35309
42751 11961
42775 31136
42748 27692
19781 3424
3974 30984
38933 35317
42818 35263
42824 35283
31134 6921
116 3294
42824 452
15665 9836
42745 35234
30103 13960
34993 35290
42814 26186
15426 26149
42804 16335
42819 35238
5710 35230
42745 27741
42833 35268
42809 20951
33420 35307
42837 23020
42749 6090
42840 35258
5367 35244
35138 35283
1309 35258
42807 35283
31917 30174
42831 14086
42842 35300
27060 6830
18283 35282
42779 35252
42838 17351
3215 11542
42760 35298
26705 35269
42811 4469
42817 35321
42836 21523
42753 2747
24260 16064
33868 35226
42743 33709
10526 35287
42813 35305
8850 35239
4568 31802
9900 14890
42751 35296
38618 20580
42756 22316
42807 27206
38755 31284
42783 35311
42791 35238
5083 10620
42822 35222
42822 8676
42794 3749
5086 24099
21240 27778
42834 8825
22144 35308
25798 35244
42831 5105
38075 2812
28327 33413
42789 35300
39771 35297
42772 35223
9355 22591
42809 35310
42799 35275
42819 18944
21382 35316
42776 35235
42812 9501
42794 35284
28156 19776
42832 12786
42795 8310
10525 35245
42793 5514
42793 35271
9681 27160
42765 28062
23787 35309
5384 18642
3079 35292
42772 655
42762 35236
42816 35290
260 4986
41452 11166
20042 8046
32194 35314
42769 35305
42763 35236
9440 25753
42755 9189
18988 35233
42790 25235
42756 4342
42772 35248
19346 35264
42837 26535
6371 35223
33095 35316
42793 23057
