938434686
135140215
937123936
935742315
190111897
839675504
936319772
804843218
895923493
130296744
936631253
741643249
938293011
868326682
272248802
936025757
31139391
418550506
386533019
938505546
937336490
600895211
328080112
937250045
339386425
695837437
507867065
936045786
935388044
624126629
926568020
936025753
251306127
938505504
650527617
35815627
937111540
937810994
577410425
508058002
201113319
156866259
938009557
938775991
937336498
763124839
938752805
937159340
935919405
938328438
935990298
727579166
239763143
936914943
541592637
936961819
937542450
256683154
724465859
936167447
938055820
935494361
935671427
936810107
937549664
87466758
935827492
937082736
518174049
935599448
515656279
373552796
897789760
862156150
935529786
936353980
146652884
936131973
342051485
669824762
936584584
746496605
928550852
938328399
935671463
936526233
936946834
454554988
938397374
486682308
832988374
936309093
936309102
937679278
936982204
937407369
937088516
935540216
862363781
770334052
936129960
35813653
40952383
291645981
200994477
540965428
937937651
937584444
747453118
938441700
370733082
936309167
584281010
937123961
938033383
553200603
936415383
474084811
936840489
356739741
936344561
256236206
642627540
588141579
303283916
403927222
415212943
937857567
576522686
920570284
129026371
936650406
938013877
126931403
938541011
936566577
625764789
850684461
937088521
938462277
140197846
674085859
936957392
938470157
937017688
251861608
938628182
938522887
913990349
435642115
683084069
414165347
938718125
616575754
790954498
887067001
664839651
220546100
760666978
276594799
935753140
937584447
937726137
936428283
652699762
936806999
936131954
935883998
935494322
935777774
938788914
937478195
938540998
565734746
937478198
353571052
938502021
936098980
635533649
938208757
937055492
936754320
713231621
938151264
936264671
55003581
938032779
795295131
32564831
938293004
937786302
937478212
277491791
40208508
563060748
772322175
937470483
466967643
380510583
937726161
938080431
937244248
935347760
270052393
937228044
270512886
91852392
938257563
936644011
590161635
937159384
95418927
938216386
936237484
132712057
936915491
937285244
36276176
938222132
566241038
938186720
936245820
522002067
2012476
938328403
938151691
938257608
936840485
935220642
364817471
709122225
515731640
935466923
937705025
935919469
551042597
938505589
935434112
16366770
938486071
15551974
937726216
174827242
936355126
216350966
237724510
937491902
936342543
446660408
622222189
935246318
937407340
937614501
932518569
828746840
398561925
753008411
937742671
10824491
846362472
521424681
935312585
936769642
201113385
937439895
936875994
937726200
131288664
518549908
938718099
938787502
128991934
191385795
936459919
936805090
215956866
936806411
101221034
937816395
608783002
731936511
542245207
936108082
938083934
936521639
46697953
935600653
936167456
8680204
558207401
937534771
936167438
935487883
936434495
935671478
431090553
938399299
936698776
935597398
536545315
917427027
598046925
550401725
938399289
938307405
911818201
158661194
938257549
935962154
938745846
565006445
140068355
46124645
574983873
936167467
938399280
249086591
937336517
935600641
206879126
935388041
937159386
682477570
936319804
936875990
772807556
936789737
460238542
936982200
937739859
936805082
936840517
681312801
617581363
364816848
402679525
733389028
937123950
937270101
936415385
119431919
937926412
119022822
621761679
298054318
116020099
936450845
935600632
329483303
937183335
146787295
206391817
549686153
384648904
935813169
415036459
441301622
605758608
118650254
936040850
651200724
936174646
935706907
937371923
937732598
937917643
937649386
918348121
938292939
731617732
31369628
414307037
938223226
770987881
461850447
288686469
580376946
852136961
937646561
936973848
402793554
937159360
938470094
935529733
938603803
935747631
145848824
937372625
936840505
936113838
202866518
937655326
573322281
936982231
200810771
935533317
937017696
938292991
936875974
938541002
841184975
936674396
935423515
938101439
938378933
937481371
935735899
