584 930 497
254 479
530 569
123 891
148 679
427 49
509 843
155 397
141 530
352 907
559 585
573 901
493 833
142 883
490 779
536 894
315 899
444 909
535 915
576 488
495 895
491 862
503 919
288 859
537 850
290 877
518 695
583 496
584 799
562 892
7 880
346 203
382 891
515 344
525 832
546 835
341 469
164 916
508 871
550 924
510 870
157 330
519 213
583 290
511 181
575 892
450 221
569 839
514 908
537 896
519 903
544 451
497 877
86 534
230 896
573 895
570 329
329 857
121 872
504 137
362 743
515 487
544 854
112 624
520 897
488 882
213 854
546 885
363 851
496 864
495 864
558 155
564 489
552 850
275 924
572 603
230 73
309 909
486 105
501 841
541 834
564 837
509 853
575 669
83 832
476 84
336 264
513 888
504 876
506 850
514 498
499 839
543 929
494 160
493 921
538 825
577 890
549 351
412 910
521 740
53 882
217 800
513 637
541 851
533 913
36 886
553 181
122 889
581 904
571 865
541 862
104 699
513 902
35 891
493 750
495 925
255 105
15 887
446 919
552 488
96 255
570 914
9 928
39 840
399 835
521 670
375 856
416 300
38 830
549 902
384 884
490 466
554 763
462 870
507 883
71 387
310 199
429 105
8 855
532 838
559 853
333 543
336 868
501 376
520 922
285 917
515 377
216 833
407 110
166 897
72 530
539 849
566 902
375 834
536 882
509 739
501 126
89 921
522 901
250 469
562 906
44 840
486 898
582 902
132 510
487 874
150 149
410 903
212 913
559 860
560 858
549 554
578 332
506 552
517 886
542 185
279 831
550 862
540 121
176 794
298 832
433 823
150 871
49 258
527 691
262 655
526 676
544 849
53 376
501 918
17 677
496 302
536 885
396 840
548 318
553 875
386 894
187 345
582 416
481 657
518 497
543 85
533 508
560 871
305 172
156 882
126 907
356 768
509 923
496 852
573 38
549 63
50 868
135 930
517 922
218 834
560 839
566 831
104 839
564 903
515 847
389 920
548 303
482 689
129 906
550 889
527 714
357 563
571 908
529 833
554 891
548 851
574 848
305 849
557 899
540 902
581 634
516 926
524 403
514 631
540 851
486 293
503 922
469 603
581 756
346 865
561 509
367 518
208 802
545 339
522 249
506 724
490 916
584 610
535 113
288 630
234 838
563 874
579 339
559 780
129 520
559 853
567 752
511 471
502 548
290 306
519 830
139 44
50 873
236 1
545 681
492 322
92 891
286 801
551 872
90 909
245 846
329 682
527 922
501 866
531 921
300 914
578 139
298 910
516 335
416 666
518 749
505 857
574 868
325 897
164 909
549 554
202 659
579 771
564 893
520 836
124 840
516 839
506 636
529 155
573 864
525 507
520 729
428 395
508 902
292 900
506 878
354 876
569 908
163 834
566 693
552 831
582 804
568 840
508 845
513 853
415 766
513 913
546 864
368 878
493 882
429 845
32 856
352 832
40 873
547 911
532 929
269 897
511 474
184 930
334 930
262 833
387 411
171 406
500 819
500 375
523 875
488 645
55 59
516 621
344 732
346 842
127 34
538 380
562 930
578 690
511 458
507 168
501 854
572 910
167 856
58 915
189 914
249 333
359 910
462 884
194 916
540 879
575 619
48 813
522 911
342 529
564 9
6 846
511 664
141 915
30 539
577 502
21 905
562 279
400 440
503 57
140 585
61 252
69 851
491 887
409 386
206 835
508 841
43 287
468 914
223 848
579 857
581 912
375 880
553 923
566 867
193 834
567 385
499 6
547 915
287 853
382 864
551 896
506 392
559 262
148 868
584 885
343 902
144 613
65 852
560 566
286 420
543 43
355 902
583 857
111 338
76 690
525 867
528 491
403 905
501 844
529 371
549 852
502 867
442 912
559 877
521 798
508 349
563 138
545 791
529 64
493 881
529 146
189 896
509 22
139 878
89 930
494 904
396 883
528 835
577 889
486 881
269 819
540 919
576 886
463 922
552 836
21 871
297 856
514 573
556 895
537 654
570 66
146 891
531 602
584 239
496 845
568 900
486 77
578 679
565 507
30 921
554 930
373 859
528 886
541 201
85 858
538 597
523 924
429 289
488 623
53 885
581 838
550 830
511 906
525 881
578 844
279 199
495 193
359 839
583 716
547 848
396 609
387 924
507 640
512 909
510 793
487 627
556 916
266 886
386 363
77 838
493 869
500 861
557 480
497 831
583 508
494 841
227 216
248 863
444 566
510 647
52 654
578 863
456 908
2 905
553 865
