333908
308159
196422
142425
358590
371085
282134
363724
151002
299536
335974
330696
264705
72332
337422
326930
390672
345652
8483
54583
103002
389315
373405
398184
373826
365698
254981
306141
375723
318940
332230
191328
355477
347189
364396
275169
68900
375206
376434
349474
336731
46185
371209
257236
308220
324667
146950
93904
365263
355855
377168
126248
386917
342846
378160
313309
136442
7992
388564
395467
359932
329177
395994
328466
388490
375709
365598
151487
389731
362242
182383
353967
329917
353952
390725
395678
205482
139680
90006
307030
363657
397602
266196
73765
175582
393555
380182
175562
379490
329958
338148
230160
369678
67966
364489
395973
352358
388375
375658
345658
110970
334427
59955
320289
26046
347358
302843
345715
350202
327745
358104
392220
396750
374221
337275
106823
374986
373364
192731
56955
360660
377927
354746
196187
339671
346442
375375
27821
281378
156193
379296
371213
382911
326936
351686
96957
372196
343317
393803
275926
380247
398200
372190
46179
399496
226407
374194
276000
183277
353851
371479
336727
370380
232290
40149
389219
392232
254468
325230
343575
388439
292468
101166
356907
335168
340492
337226
218152
338900
396655
250539
337402
367402
387704
363130
394849
366112
330689
77943
360704
332955
341854
263175
331431
389462
176949
255723
254096
399718
357314
356411
336666
363711
349414
330686
254981
369811
353206
338238
334405
358402
361647
362832
382228
335224
47211
377969
389960
221188
338320
203877
395964
124645
398905
358519
340515
224209
386235
177673
379480
382470
270684
116447
133602
389026
381682
346430
324668
323201
132708
262836
338999
26
142761
335909
355419
306141
342840
392208
286451
380168
197739
338148
345653
325469
324743
229492
23341
389986
374705
368907
389662
344179
395970
9113
387022
277776
386759
212953
220063
340503
332914
325337
357008
341307
258671
356947
380229
342707
269972
395245
325948
382709
89923
282963
332965
190823
334470
370432
154726
114852
308930
386946
252698
326229
326249
76463
330693
272204
13280
381367
51256
110937
81749
396677
369583
341923
331405
389205
204421
328444
333064
140170
342732
342620
382443
84359
380986
351715
344216
331599
56916
209417
8177
340717
347205
367408
394894
145493
394138
356188
279681
377136
251989
379913
196429
172220
211646
59959
369143
38962
332208
398915
74188
103589
299155
398172
379497
381714
290194
191424
344969
340503
340467
384707
359769
159487
275149
45690
2983
45684
326054
339621
342704
186719
7154
80210
106420
362243
181475
342174
327729
387615
8444
391475
324108
205287
365881
176171
344978
350930
325370
365951
334413
338182
359173
332915
58353
351449
350969
347194
325073
392198
365955
354489
334458
383149
170812
105133
22003
162729
284172
343340
271498
350217
341212
328734
68971
62955
395946
134064
145617
263969
84076
375907
351735
305358
325513
213649
65923
3653
88671
65189
134987
339518
85441
167906
135292
353538
361710
393747
380864
390549
392970
364415
368516
331112
331975
356268
360618
320764
352461
348731
110918
387691
367957
48692
395232
