184797
389934
241034
375298
368827
334909
262844
356923
277415
431159
402800
432757
389333
423972
426283
220819
82505
377718
326888
239510
369704
73554
220050
126221
390739
192190
355102
411964
379766
349781
407714
376145
187257
395239
389129
399626
395580
72486
424683
417764
234871
267719
412565
405296
404489
244816
161717
384659
430363
382243
403266
215495
334846
374418
74175
418238
383998
399888
379173
352700
425446
59800
399616
238576
368596
357547
98616
406301
151097
398546
409122
268669
186859
378565
408810
412527
10523
172260
407486
259203
330033
387417
53791
193330
372904
422312
427940
87309
407718
11081
388672
310638
368063
392344
184238
117696
198330
369900
434426
368040
239304
427861
412502
370774
400837
221659
407427
368844
22345
373693
82662
374515
389116
414168
374253
406887
431803
86507
413638
61455
356546
420291
428698
434378
93516
418777
386675
292758
417312
414124
336454
419493
382650
371243
272591
399635
369665
428751
419848
403495
300047
368624
313696
378206
376122
396514
178502
416246
362915
93762
368134
431129
359120
352779
184425
401848
205028
111187
387505
425246
45271
384219
377768
412893
385837
75852
320220
153616
352984
52568
424365
403995
370455
131038
381829
388270
355910
393887
392051
433565
390677
385843
118057
88100
418081
389434
131004
381175
273404
167461
347053
411711
372109
389624
165811
119727
373751
375712
36348
397210
387478
397401
400413
250208
374163
404420
251569
369253
329255
420547
275777
354889
420672
358505
409400
385071
82662
351277
221060
425486
364997
406033
69442
367189
151191
417416
411327
238321
377266
414173
363157
155295
415302
327865
428217
214376
365673
375363
92201
380365
414150
402844
343009
39588
94367
358110
413922
402452
267239
426427
358335
103593
371417
396502
422319
372575
47648
408916
388064
3252
419757
76838
353993
84093
405210
388849
419283
358344
240195
358036
426174
56619
365649
361445
428722
105076
408370
305720
423895
312185
375302
111716
240249
427098
397134
355937
10871
169008
380952
393168
294440
90569
406054
180510
388230
404638
415705
286105
122879
53345
388533
154656
358400
303255
248348
374472
425444
162888
373016
359930
394486
362655
148783
379808
194734
290429
130180
414121
8031
144342
154474
415006
387440
382826
418244
397343
253181
97990
389113
380054
44904
408811
361292
359145
319359
162538
400444
362594
378546
152077
352631
405500
165503
374300
235363
51574
222375
362366
389583
418754
401207
44400
384204
420624
64682
397650
377269
432536
274080
104428
177791
32633
368865
411557
423905
386424
403662
408335
108393
397990
418187
364824
354272
200684
43682
351878
431390
376769
375774
369175
412145
410303
372074
346236
239442
359348
406054
425519
290903
407711
431108
415913
294381
406406
55142
262796
401232
397505
408504
390600
400775
364535
416522
365890
410513
87324
227809
376110
2339
98636
105909
63033
398817
322728
245489
378892
371282
357553
