480618
456804
495327
512220
289629
322547
463912
475675
248779
519757
506276
265725
511773
521994
482438
167987
503874
397211
514416
187545
505879
464957
398758
150169
498463
520394
512926
98218
449783
55635
16470
490571
455389
29916
504718
424585
430878
500292
477143
497607
30518
54109
513363
486242
450279
481110
496034
415188
74120
518881
417545
326499
492896
479600
328187
482609
461390
461531
471161
497478
450756
461501
449618
58028
43955
507105
298580
227802
373844
498444
513001
494229
103547
523782
428317
454735
465425
41481
229097
449752
501537
488465
73567
470960
502135
446661
149923
477879
117690
197818
194882
505999
44699
219376
35867
464661
462783
503879
128689
477222
499173
472521
512510
473799
521225
471685
157195
21958
511339
521415
505638
157204
363769
318684
492955
471633
494994
523916
264450
449758
425374
369654
186410
519097
451356
478776
496097
493711
78459
421526
517317
455028
497629
481057
446614
522139
482692
458007
505368
480369
518873
522714
345351
505302
361833
19182
518330
248575
470901
522542
178927
488219
464665
496873
473053
327286
517239
427791
476392
452848
438028
249667
470162
483256
523880
499627
473611
170261
493748
460776
447911
495326
46262
494523
489035
355560
471292
468588
438781
102784
156358
52579
14032
498463
522005
446607
514818
519661
429862
474873
505024
119316
480365
508613
256560
484316
447386
487422
481055
508589
499299
341437
114201
204026
521958
130199
324537
482258
282887
400776
514334
262544
261661
353598
203971
464066
448970
459981
435418
327315
478489
480326
397923
453706
134975
524039
405023
288674
424610
490587
459971
336738
147370
238638
314044
471453
39861
149401
477240
247475
515738
41598
478030
483522
445025
310576
223192
474829
508610
130227
280220
418391
347843
212781
510201
508116
27057
176579
78386
205618
338427
520177
525091
229014
519229
178101
500582
469825
500970
519594
168686
147572
466355
474402
458078
521182
470795
325736
485864
424971
86752
305355
463883
521958
502326
524092
91314
291188
446576
485481
448995
507854
157756
513204
495328
165852
504370
458403
178560
471600
93702
514882
468220
470553
458345
501549
441921
471309
485896
408902
236246
434884
180018
495319
498445
460710
503091
120800
500231
476747
85020
524369
470467
462041
416032
519603
486762
331846
479111
480373
511592
480979
491342
460335
514813
317253
496632
154291
401895
394000
515724
208736
260611
316264
511942
469385
203295
452720
222873
507823
196219
93929
476422
325155
270754
489782
465154
178925
501466
451163
498439
143601
511240
507658
459162
306099
514943
497689
327309
506308
512592
319971
481140
107157
185242
384584
186502
499948
417561
497194
476669
163650
488792
457559
523854
489837
210354
469914
451321
28748
471694
469373
521959
146759
481006
65894
62704
451481
178934
346405
53285
462919
488253
